Cyclist 1 0 2.735467388277398 1528.72644 289.33963 1597.9943839999999 365.06311 1.648045 0.761443 1.367346 15.400430756103093 -4.863321074528912 54.24424569355559 -3.2315548945634354
Car 0 0 4.670736120124192 960.894714 397.073822 1069.800171 499.614593 1.024272 1.738963 4.246632 1.28561263185498 -1.613450421074778 39.53800629912914 -1.5476037089686077
Car 0 3 4.3130160383246015 1433.344849 1010.11145 1920.0 1080.0 0.446131 1.853815 4.229566 4.82826005274285 4.040622804614667 14.529115546205631 -1.6153130379513103
Trafficcone 0 0 -0.30192824373202287 1799.106812 371.356201 1815.270386 407.691101 0.707101 0.32206 0.191172 19.072249351841457 -3.3656130989346664 48.144208757159596 0.11975623334507102
Trafficcone 0 0 -0.4087113217612275 1768.209473 518.189819 1788.396851 573.6504510000001 0.724699 0.370471 0.092974 12.676474470559645 0.00879931898946662 33.135199679243485 -0.0016001627536452734
Car 1 3 1.954031255757079 0 228.458496 56.103931 287.786346 1.364145 2.366213 4.327617 -30.16320508107461 -8.64706515977467 69.53117216176611 -4.705718316619269
Car 2 0 1.7316868678161523 635.742126 107.981934 664.0225829999999 132.275422 1.735912 1.688191 4.224321 -24.273141281373647 -34.26398506468916 182.45457798332254 -4.652294793556124
Car 1 0 1.6960951072162442 477.369598 170.888885 528.29364 208.267532 1.346381 1.795285 4.322276 -20.38808018005917 -15.939009083336476 101.89007038000464 1.5324692004378249
Car 1 0 1.6507658899150377 564.891052 162.78688 613.9573359999999 202.938461 1.548409 2.007262 4.206752 -16.98084578165545 -16.78639791873966 105.79662747977687 1.5256558860241523
Car 0 3 2.016980202039698 0 309.99762 38.375576 438.458893 1.780388 2.627027 4.805234 -20.634436954889562 -2.945966883084097 44.34961530426816 -4.669806583465872
Car 1 0 1.8473213014594496 347.265625 184.769623 413.915253 228.451889 1.444047 1.633518 4.275805 -23.88650116965931 -13.829229842639743 93.35167918795095 -4.654842598417745
Car 1 0 1.9106591620470064 93.56752 249.816254 196.96279900000002 313.068177 1.305853 1.46378 4.328904 -23.329815193523377 -7.336063117712061 64.28905354131925 -4.688317439544493
Trafficcone 0 0 -0.21933136908238596 1728.709229 344.22113 1742.4891360000001 381.044372 0.791568 0.275167 0.200392 19.041030230664493 -4.2568972175619795 52.397842791885246 0.17486628596999587
Pedestrian 1 0 1.1481746165673052 1876.415039 315.391876 1913.251465 404.07162500000004 1.834875 0.50278 0.359827 21.514033081325124 -3.592994531269933 49.461557404968644 -4.692313634750862
Car 0 0 -1.3067946843270004 191.182861 744.500366 503.019836 987.9932249999999 0.521478 1.561378 4.382728 -5.063910645951366 2.5797199590184405 19.23999030926479 -1.5321844315054658
Car 1 0 1.6036407924792635 636.120728 134.676941 672.455506 168.346878 1.685276 2.037229 4.229635 -17.319118970442148 -22.87084277725224 132.2644261397635 1.5079276684217553
Cyclist 2 0 3.282164410660938 568.275085 298.620911 651.434204 382.381562 1.735441 0.533993 1.771409 -7.59882457036115 -4.125856502975485 50.27953424095734 -3.1084673637766764
Trafficcone 0 0 -0.2998376323124531 1820.697998 355.352905 1833.722412 389.17523200000005 0.696749 0.361386 0.129741 20.77911753618027 -3.9878046940008414 51.2603220024972 0.1300061457792101
Car 1 0 1.6006588248777935 614.947876 141.234528 654.275574 175.989121 1.624533 2.091141 4.169771 -17.448576908397687 -21.16851992977087 124.70198169248316 1.4964237783901577
Trafficcone 0 0 1.3359228006478023 1615.767578 348.915314 1629.4868159999999 383.520081 0.716293 0.182508 0.35842 16.00612303255289 -4.11868952811366 51.33834807744755 -4.614438076163388
Trafficcone 0 0 0.2463155980275201 223.368774 537.366516 246.123367 597.3836060000001 0.737854 0.303089 0.187074 -9.907689944282968 0.3195790278195467 30.702228484500775 -0.024676778371024
Car 1 0 1.9633531884964037 117.997337 196.915329 196.952911 244.04650900000001 1.363714 1.27554 4.262383 -29.906306035726256 -11.857910380691028 83.5906281477869 -4.632408725745373
Car 0 0 4.656243841385355 944.97876 305.007385 1022.406922 381.299133 1.185324 1.581712 4.23304 0.9873871697831809 -4.574095486959357 52.64833531483203 -1.5751738091996195
Car 1 0 1.6357668853558713 508.575317 157.486786 554.631347 191.664658 1.361424 2.012519 4.201078 -20.676040584627355 -18.050776726206138 110.57174804103862 1.485964060807992
Cyclist 0 0 4.371267274734055 1738.5448 331.815826 1781.906738 418.473907 1.534586 0.19652 1.72276 17.765786185298854 -3.2558110178293527 47.54910828583284 -1.5226055058939236
Car 0 0 1.8337629254512586 286.35614 238.325836 389.28518699999995 328.752502 1.84116 1.517926 4.574316 -16.3642791062834 -6.478466569966057 59.60166090630946 -4.685137157159739
Trafficcone 0 0 -0.39580567074146467 1829.397583 551.100342 1850.146729 614.611328 0.794978 0.282801 0.107038 12.6568281472257 0.549225655895822 30.83591026772157 0.03630779481670321
Pedestrian 0 0 4.2995461240064055 1833.20874 344.221191 1872.117309 429.792785 1.627134 0.495283 0.408993 19.045997064119007 -2.8261059250496947 45.80601560921344 -1.5570197274463138
Cyclist 0 0 4.684779979329062 972.356628 210.110809 999.487487 266.253387 1.717526 0.896024 1.837465 1.5952221546224656 -10.287433903239403 78.17950837367744 -1.5457082949123033
Car 0 0 1.9291773638018797 84.678749 328.675018 229.40348 421.378418 1.172789 1.290466 4.472959 -16.02546298030149 -3.2333868329318394 44.953363140761056 -4.66469843950747
Car 0 0 4.645833752951598 938.489319 696.641357 1144.066284 925.185058 0.743434 1.680233 4.329823 0.88649999418382 2.479162320243166 21.656714461972136 -1.5637070307417635
Car 0 0 4.5977900443099315 1138.542114 408.608521 1269.67395 520.522645 1.09729 1.731287 4.220353 4.513810360864237 -1.248139509516876 38.144363783589846 -1.5355568531052661
Car 0 0 -1.4845038737408984 662.869934 597.509216 841.669128 788.10852 0.942485 1.715717 4.232293 -2.0944545340997394 1.687237811048437 25.29761535222322 -1.535068482238736
Car 1 0 1.8239793606448222 202.525284 113.950569 324.526367 229.40036 4.195162 2.558354 10.171929 -29.903085251669385 -14.726165552822813 97.2097007360813 1.5587571995511387
Pedestrian 0 0 1.0147769492864405 1887.916992 343.441895 1920.0 428.679566 1.626016 0.304146 0.498975 20.397979113036282 -2.891750580493234 46.39085555112236 1.4646386529050353
Car 1 0 1.7571229905238215 429.956543 174.098557 492.187561 224.883927 1.753649 1.839182 4.241309 -20.663183478520086 -14.130934695711112 94.32915872782493 -4.708888884048387
Trafficcone 0 0 1.2293692301890509 1695.609497 369.606049 1712.151245 409.183533 0.740102 0.10201 0.584165 16.843843433175298 -3.3651775354280913 48.282055519196774 -4.685892873366295
Cyclist 1 0 2.8884698054887297 1418.72937 199.318939 1467.965088 237.848999 1.359478 0.658319 1.722473 19.824050690247272 -12.317391998391347 86.31210777842921 -3.126837663491247
Trafficcone 1 0 -0.2741553664837559 1637.562256 333.0242 1651.587036 367.179138 0.753694 0.311468 0.20653 17.389034314758113 -4.708112669704158 54.03394925487268 0.08084264806875585
Car 1 0 1.7038314273788036 522.47998 170.971313 580.310974 218.389404 1.668024 1.948302 4.333867 -17.20022966152516 -14.749450647781892 96.73955081958981 1.5610200994882164
Trafficcone 0 0 4.314156852368819 1641.0271 356.475891 1655.689454 394.246033 0.759613 0.144857 0.344626 16.072556239238 -3.761703484560311 49.685284123119224 -1.621974678005364
Car 1 0 1.5744081023434713 547.009949 147.766418 581.239136 179.72852999999998 1.401806 1.768623 4.274047 -20.714324185504996 -20.201187283348418 120.12436636840401 1.4399003736904166
Trafficcone 0 0 -0.3383504068317185 1591.213013 336.826508 1604.02771 371.790772 0.758228 0.338961 0.151109 16.029775458454456 -4.548270997438442 53.37351137869711 -0.004948080089089979
Car 1 0 1.8676350978079406 284.56601 190.49321 358.649628 241.752823 1.529536 1.534187 4.264444 -23.802647605872444 -12.03111789498465 84.19378765502248 -4.659441450773083
Car 1 0 1.6122614269447533 590.065247 154.790771 630.636292 191.924484 1.522525 1.874499 4.268603 -16.911556702812348 -18.27903620597196 112.00482967559955 1.497169277273215
Car 1 0 1.8720042106460302 216.796555 210.266205 302.513703 266.41873200000003 1.485515 1.628905 4.341331 -23.90808065239959 -10.221872294176631 76.90506012152733 -4.680456961380258
Car 1 0 1.7846343456068947 482.404327 192.601517 545.099548 236.793732 1.318094 1.555461 4.304386 -16.84530582127709 -12.509458803016688 86.39576098563805 -4.659481363467327
Trafficcone 2 0 0.30839074856595494 61.741306 536.517334 86.431526 597.09491 0.760606 0.222757 0.202497 -12.12630741939181 0.3226106856824744 30.615361365277383 -0.027649408811588838
Car 0 0 4.710225938016143 876.369385 151.204544 914.085205 187.116211 1.534862 1.931779 4.240711 -2.432262098257273 -19.10341481143521 115.6856026452561 -1.5613066330778858
Car 0 0 4.536406671330849 1251.231079 594.686096 1479.6455079999998 776.819885 0.750231 1.742541 4.73877 4.838243267705927 1.5375731080650468 25.623879072516843 -1.5282802573493415
Cyclist 1 0 2.9347598133463793 1371.203491 181.077438 1419.729858 214.162307 1.28144 0.691634 1.903833 19.676515697938033 -14.454716421344777 94.6642448869981 -3.1007570906071518
Cyclist 1 0 3.128996342239847 1828.906372 296.970703 1908.6180419999998 365.97814900000003 1.510263 0.523349 1.734181 23.54272697961874 -4.963605746766208 55.58958115511832 -2.7040523821231206
Car 0 3 -1.4392791360516695 390.123199 997.386414 760.150451 1080.0 0.893306 2.139024 4.280189 -2.5303629237956367 4.664098334045704 16.27606569884377 -1.5608466088355348
Car 1 0 1.6730043045460903 454.043213 149.019455 498.582398 188.411636 1.665769 1.817059 4.119562 -24.036482777744116 -18.647507298505484 113.23453712092675 1.4985668612178387
Trafficcone 0 3 0.4382617012184517 0 647.249329 10.330495 735.541871 0.835633 0.516546 0.336099 -10.975741452194267 1.6912043265169148 25.074002412820743 0.0690359057252301
Car 0 0 -1.5627952230782187 800.325806 303.64563 887.903015 389.06872599999997 1.325686 1.947674 4.266508 -2.2719088369504474 -4.3050938572942545 51.195661336654354 -1.5741528698699083
Cyclist 1 0 3.242140489538653 570.662109 274.700012 637.436828 344.22857600000003 1.518213 0.73485 1.515302 -8.325879904949282 -5.319042576237944 54.123945097733966 -3.15217394787996
Car 0 0 -1.5244426611737962 752.020691 397.621338 870.7139890000001 517.390503 1.23858 1.908697 4.290885 -2.221512343223549 -1.320731577383734 38.47763378017657 -1.5497214707985447
Car 0 0 4.699586996628562 947.816956 108.265129 970.664429 127.615806 1.467551 1.949845 4.184681 1.6453563084942804 -37.128495081762686 195.7805912483861 -1.5429653206735934
Car 0 0 1.8082009226866993 424.220642 210.430679 494.594971 262.269439 1.388153 1.558958 3.668618 -16.744030867819077 -10.224826771338385 76.19339119376282 -4.659666487887947
Cyclist 1 0 3.2431288868160806 1739.513916 292.608124 1809.2772220000002 361.19711299999994 1.517931 0.657107 1.509092 21.554413819772712 -5.178864599406776 56.64514778493265 -2.6263705746972033
Trafficcone 0 0 0.29834035890826516 70.112129 598.602478 93.93002299999999 660.116333 0.620911 0.490361 0.09217 -10.780376872385554 0.9964992095109038 27.46579894640212 -0.034773447583648975
Car 1 0 4.506342039850362 1267.22168 200.879822 1332.5338140000001 243.84716799999998 1.230455 1.605901 4.218573 13.883807836319928 -12.023639015305525 84.76804132036462 -1.5813307867842474
Car 1 0 1.8879071379384225 128.576355 256.657196 241.545654 334.576904 1.481425 1.541203 4.213554 -19.934411000170552 -6.1235564801988325 57.88064110181131 -4.694490948371877
Trafficcone 0 0 0.6301928179381677 1588.277832 297.494141 1596.760498 310.98165900000004 0.34513 0.196744 0.123456 19.02306565490974 -7.052978682983733 63.75715703823079 0.9674395227753396
Trafficcone 1 0 4.350399392558222 1879.214478 374.200043 1893.958497 415.032105 0.795874 0.106289 0.369686 20.849523792509864 -3.226954298355988 48.222546389745084 -1.493628731310945
Car 0 0 4.658656851053845 886.715027 113.913467 915.0888669999999 134.342697 1.407307 2.0683 4.321496 -3.305942321985842 -33.737290601878094 180.54705790675965 -1.6089761839989984
Car 1 0 1.835077996476189 337.957275 204.046402 412.26360999999997 260.493958 1.58334 1.622122 3.681659 -20.135667072700826 -10.527347899010755 77.9724834296122 -4.668970445024647
Car 1 0 1.7507131704600358 413.29007 162.582275 463.427094 203.96376 1.607654 1.605158 4.289265 -24.349967062828924 -16.785399177658352 106.06368061400671 1.5582626287532992
